tyler data format 0.2.0
0.0
10
4  0.000000,0.000000 1.000000,0.000000 1.809017,0.587785 0.809017,0.587785 @1/5 #e63946
4  0.000000,0.000000 0.809017,0.587785 1.118034,1.538842 0.309017,0.951057 @1/5 #f1a04b
4  0.000000,0.000000 0.309017,0.951057 0.000000,1.902113 -0.309017,0.951057 @1/5 #ffd166
4  0.000000,0.000000 -0.309017,0.951057 -1.118034,1.538842 -0.809017,0.587785 @1/5 #9ae66e
4  0.000000,0.000000 -0.809017,0.587785 -1.809017,0.587785 -1.000000,0.000000 @1/5 #06d6a0
4  0.000000,0.000000 -1.000000,0.000000 -1.809017,-0.587785 -0.809017,-0.587785 @1/5 #1b9aaa
4  0.000000,0.000000 -0.809017,-0.587785 -1.118034,-1.538842 -0.309017,-0.951057 @1/5 #4d96ff
4  0.000000,0.000000 -0.309017,-0.951057 -0.000000,-1.902113 0.309017,-0.951057 @1/5 #7b6cff
4  0.000000,0.000000 0.309017,-0.951057 1.118034,-1.538842 0.809017,-0.587785 @1/5 #c77dff
4  0.000000,0.000000 0.809017,-0.587785 1.809017,-0.587785 1.000000,-0.000000 @1/5 #ef476f
0
120.0 0.0,0.0
